start=201.827000
speed=1.464100
volume=89.500084
sid=1
sub-pos=98
