speed=1.610510
volume=122.020020
