start=2916.121000
volume=98.000000
sid=3
