start=20.250000
volume=98.000000
