start=2.916667
volume=98.000000
