start=1778.652000
speed=1.464100
volume=93.500084
sid=1
sub-pos=98
