start=2896.727000
speed=1.464100
volume=112.020020
