start=112.300000
volume=98.000000
sid=1
