start=2750.706000
speed=1.610510
volume=122.020020
fullscreen=yes
